216 216 16.29 16.29 16.29
	1     1     0.71446     14.87800     14.86000
	2     1     0.70627     12.00500     13.45900
	3     1     5.42450     12.25500     6.29320
	4     1     8.02330     6.49790     2.06530
	5     1     15.08800     15.78200     13.60100
	6     1     7.81340     8.50810     13.12700
	7     1     4.09710     4.43390     3.69270
	8     1     3.57420     0.75981     3.03880
	9     1     13.66400     13.56900     10.64100
	10     1     15.15200     2.15930     6.00160
	11     1     14.13500     8.09870     9.83030
	12     1     3.18740     3.16230     0.36326
	13     1     1.47880     3.00530     8.28730
	14     1     13.20100     16.26600     3.52600
	15     1     10.96800     15.42500     11.76900
	16     1     13.01300     8.59410     4.26020
	17     1     1.84110     6.67180     8.89810
	18     1     12.47800     6.56960     4.92670
	19     1     6.07290     3.87400     10.76500
	20     1     14.97700     12.37300     14.68300
	21     1     2.80770     6.15110     10.92200
	22     1     10.62200     6.13170     3.93090
	23     1     3.87690     4.64220     6.04230
	24     1     6.11760     7.25490     9.13150
	25     1     11.08900     5.11690     2.03680
	26     1     12.21200     13.68600     12.49100
	27     1     10.96700     10.23000     11.29400
	28     1     10.44600     9.60150     2.25130
	29     1     2.26560     6.66920     0.95957
	30     1     2.97640     2.35370     9.78390
	31     1     3.67800     9.74390     11.26300
	32     1     4.44310     10.02200     2.70390
	33     1     14.09700     10.02300     0.98045
	34     1     7.57280     14.50700     10.66400
	35     1     9.37130     8.16820     11.29400
	36     1     10.61700     11.63300     9.21450
	37     1     7.03630     10.77100     12.54000
	38     1     14.96900     8.31200     6.84770
	39     1     6.97460     10.80200     10.05400
	40     1     9.56040     10.14300     0.16540
	41     1     4.27250     13.29800     13.34700
	42     1     9.12300     0.50437     16.01400
	43     1     15.66700     8.32150     0.61305
	44     1     13.46500     3.22940     14.46900
	45     1     12.48200     2.82400     7.52580
	46     1     9.36580     7.92960     3.30560
	47     1     5.69650     3.23770     14.15400
	48     1     8.40520     15.31700     6.42810
	49     1     14.11100     15.80800     1.39360
	50     1     13.52500     10.57500     15.11400
	51     1     6.53780     2.60320     1.79760
	52     1     3.20510     0.94588     5.49880
	53     1     10.05200     2.71120     7.72960
	54     1     15.95900     5.45450     5.01950
	55     1     14.30600     6.26980     0.52562
	56     1     11.14100     13.48100     0.57045
	57     1     0.07613     1.35790     7.81320
	58     1     2.41330     3.09210     6.22640
	59     1     6.81600     4.94630     8.88790
	60     1     12.53000     15.20800     16.00900
	61     1     12.89100     13.80700     6.56520
	62     1     14.33100     4.53220     2.02850
	63     1     15.37900     13.86000     1.80740
	64     1     6.49450     0.14292     5.54560
	65     1     9.17370     4.57790     0.97429
	66     1     12.03100     13.61900     8.81150
	67     1     13.30800     0.66653     8.60940
	68     1     9.84490     1.59470     3.75130
	69     1     1.99090     10.72900     15.03800
	70     1     4.40870     8.08920     3.74050
	71     1     9.79070     6.29730     7.26980
	72     1     4.93530     0.06294     15.75800
	73     1     0.15698     13.74000     7.93470
	74     1     4.23660     6.21620     14.41000
	75     1     11.30400     1.16620     12.75400
	76     1     0.97485     8.15940     2.09140
	77     1     0.77545     6.13440     12.32800
	78     1     0.86741     2.41570     3.23710
	79     1     11.84300     14.56700     4.44550
	80     1     6.05100     15.39800     3.35060
	81     1     1.32840     15.11100     11.34300
	82     1     11.26500     0.81686     15.21600
	83     1     11.92800     12.83600     2.83770
	84     1     7.93090     8.69610     9.39010
	85     1     1.25310     9.60650     11.24300
	86     1     7.79580     12.85100     6.76760
	87     1     7.53510     12.15700     3.06860
	88     1     8.63700     11.38600     4.90010
	89     1     1.88990     11.90200     0.62425
	90     1     14.54800     15.30900     7.13430
	91     1     13.33700     9.70860     11.21200
	92     1     6.99150     7.57260     0.41539
	93     1     8.93530     14.54900     0.62222
	94     1     2.14990     10.05900     6.28080
	95     1     9.01340     4.17640     12.87800
	96     1     2.46250     8.00640     5.23860
	97     1     1.36870     11.33900     4.42990
	98     1     7.43650     13.14700     15.66900
	99     1     0.37189     8.50280     9.41710
	100     1     6.17220     3.76690     3.74810
	101     1     12.20100     5.33020     11.73700
	102     1     13.61700     14.25000     14.21000
	103     1     11.17200     9.87960     7.55840
	104     1     9.15510     1.77750     12.28100
	105     1     0.31120     4.87460     14.20300
	106     1     8.12690     14.44000     2.83080
	107     1     1.92190     13.91900     13.31900
	108     1     13.90200     11.79100     6.18530
	109     1     4.58640     10.99300     9.50760
	110     1     14.36000     5.36080     14.72000
	111     1     13.32300     4.98970     8.08290
	112     1     8.88720     8.19920     15.23500
	113     1     11.78500     2.93270     15.80000
	114     1     14.99600     1.58640     14.57800
	115     1     12.12000     1.95000     3.56650
	116     1     9.15740     5.23980     5.25550
	117     1     3.87810     13.31100     9.57690
	118     1     14.86500     0.18554     5.10420
	119     1     1.91990     14.15700     6.52420
	120     1     15.07000     8.88180     4.69130
	121     1     5.96050     6.88500     12.93400
	122     1     4.05380     9.79780     15.08800
	123     1     2.69460     0.81810     11.49900
	124     1     13.22400     2.98650     5.39190
	125     1     15.29700     11.20200     4.45880
	126     1     5.10160     14.03100     15.52200
	127     1     9.63470     15.48500     4.40680
	128     1     5.21600     14.34200     11.33600
	129     1     0.14386     2.71050     13.33400
	130     1     10.67300     11.88200     13.14800
	131     1     12.41500     8.79380     1.99960
	132     1     4.32510     13.63400     3.25320
	133     1     0.48113     11.65500     11.26100
	134     1     0.28258     9.73690     7.70050
	135     1     8.10540     0.39828     13.85900
	136     1     0.81405     14.68200     3.08820
	137     1     15.31600     15.43900     11.22100
	138     1     15.06200     2.82260     11.38800
	139     1     16.09200     3.24520     1.47580
	140     1     0.09088     8.34960     12.93600
	141     1     6.86020     4.63470     12.74800
	142     1     12.08700     10.40700     5.56810
	143     1     4.90850     0.29528     11.81000
	144     1     11.32500     15.69200     9.36220
	145     1     13.97200     4.97670     4.30110
	146     1     2.87320     7.70890     15.18100
	147     1     3.59250     13.55700     1.06750
	148     1     0.46731     5.03630     8.67540
	149     1     4.86020     1.70190     8.49200
	150     1     0.37216     0.23302     4.18620
	151     1     8.17680     9.01830     5.20580
	152     1     0.89216     8.69050     14.98800
	153     1     0.48506     7.44910     4.13200
	154     1     5.47270     3.79760     0.08507
	155     1     4.12030     14.06700     7.35950
	156     1     10.05300     4.56930     15.13300
	157     1     2.95540     2.72730     2.60900
	158     1     10.68900     11.27500     3.93570
	159     1     2.16530     13.45600     4.39950
	160     1     5.15570     8.01250     7.17500
	161     1     6.87860     2.52690     5.55870
	162     1     7.51470     11.27100     0.78038
	163     1     6.14310     1.56480     10.24000
	164     1     9.42100     0.42610     8.34920
	165     1     9.11680     2.95990     5.56190
	166     1     8.70670     14.69500     12.52300
	167     1     4.35390     10.32200     7.29820
	168     1     8.72960     2.24780     1.53960
	169     1     6.24540     7.74800     5.11390
	170     1     4.75350     0.00000     6.91460
	171     1     2.90770     1.22620     15.43300
	172     1     0.54964     3.48930     5.00850
	173     1     3.81170     4.17700     11.06400
	174     1     1.32160     0.11146     0.01468
	175     1     2.32980     15.45600     1.73450
	176     1     12.10400     6.85270     0.85143
	177     1     14.63400     11.56600     10.35900
	178     1     8.12750     0.59895     10.23700
	179     1     12.81000     3.02340     12.30000
	180     1     8.41900     12.60100     13.46900
	181     1     3.22190     6.72790     6.93070
	182     1     5.69310     9.70900     0.64060
	183     1     13.69400     5.86530     10.18000
	184     1     10.00700     5.65730     11.13200
	185     1     9.22200     4.76450     8.91650
	186     1     15.65100     4.97010     10.70400
	187     1     4.10710     6.30310     2.20720
	188     1     4.63710     7.54980     11.06800
	189     1     12.96900     8.45810     7.95260
	190     1     5.91660     0.94604     13.90700
	191     1     5.47260     0.61741     1.84500
	192     1     11.24100     11.45300     15.34800
	193     1     7.18230     5.78960     4.10870
	194     1     4.72160     10.87200     13.14300
	195     1     2.08670     10.34800     2.37920
	196     1     15.28900     11.61800     8.03130
	197     1     9.18350     8.53030     7.35530
	198     1     0.00000     13.13700     0.00000
	199     1     5.68830     3.60700     7.25030
	200     1     1.48670     13.48200     9.94690
	201     1     12.77600     6.74420     13.60900
	202     1     12.04400     6.49630     7.15990
	203     1     8.28850     12.53100     9.15060
	204     1     15.08200     1.02780     9.82220
	205     1     5.42150     5.97910     0.21690
	206     1     12.41300     3.36610     1.73000
	207     1     13.96000     8.85730     13.28300
	208     1     3.68080     4.01200     13.40300
	209     1     1.38170     4.60130     0.09666
	210     1     10.90800     6.78320     15.12700
	211     1     2.30920     2.14050     13.43100
	212     1     1.37190     0.01762     6.23800
	213     1     15.61100     1.21210     0.44399
	214     1     14.22500     11.95800     2.49780
	215     1     5.36850     11.89000     3.90090
	216     1     15.32100     5.87250     7.11770
